269.48482808609344 1.8325274340822388
267.42368413549474 -1.3463420019907462
265.3625401848961 -0.7746932028914586
263.3013962342975 0.15024198698904917
261.24025228369885 -1.4325682874611834
259.1791083331002 -0.182225274555519
257.11796438250155 -0.03763585101493597
255.05682043190293 -1.0188861604209456
252.99567648130426 -0.21853493032455723
250.93453253070564 -1.8506440810673082
248.873388580107 0.6314554516281055
246.81224462950834 -0.36834776994821367
244.75110067890972 -2.34239329539609
242.68995672831105 0.8552125745284908
240.62881277771243 -1.3614392465663765
238.56766882711378 -0.5199262197374938
236.50652487651516 3.8117308167683364
234.44538092591648 2.3849504277332207
232.38423697531786 -0.7512088650058414
230.3230930247192 1.6033652603361765
228.2619490741206 3.3221852394559153
226.20080512352195 -0.05040299313415499
224.1396611729233 0.4452198950747225
222.07851722232465 2.5320454987603696
220.01737327172603 0.5656358322610642
217.95622932112738 4.268042201918196
215.89508537052876 1.8181184342074133
213.83394141993008 -0.5372964080922809
211.77279746933144 -0.29224497918810455
209.71165351873282 -2.8188043133474063
207.65050956813417 1.522889375798488
205.58936561753552 3.198677970089165
203.52822166693687 1.114875216910954
201.46707771633825 2.108139770121189
199.4059337657396 4.924541121615959
197.34478981514096 2.981081538464553
195.2836458645423 2.1037103530368553
193.22250191394366 2.4804436212241714
191.161357963345 -1.0143337823269605
189.1002140127464 1.966855306026773
187.03907006214774 2.907240748497922
184.97792611154912 1.8367575240010696
182.91678216095045 2.35489797421805
180.85563821035183 0.7044714650382148
178.79449425975318 0.20118000015090917
176.73335030915456 2.0573748357695454
174.6722063585559 1.4032567884485754
172.61106240795723 1.6915205700930032
170.54991845735861 0.30658093561027283
168.48877450675997 -0.6279710356962844
166.42763055616135 3.9927685334729395
164.36648660556267 3.6785294502238526
162.30534265496405 3.953239072943879
160.2441987043654 5.436235675985226
158.18305475376678 1.6008677892005374
156.12191080316813 3.3861247963263157
154.0607668525695 4.715216785221597
151.99962290197084 2.803764481427323
149.93847895137222 1.9765996881694219
147.87733500077357 1.59136137772108
145.81619105017495 5.393382418416681
143.75504709957627 0.5504246666865829
141.69390314897765 1.5622927367914028
139.632759198379 7.669663208696145
137.5716152477804 3.6069143923499998
135.5104712971817 1.0348903085920773
133.44932734658306 -1.140524081259733
131.38818339598444 5.0346305657274595
129.3270394453858 1.848761795427728
127.26589549478716 4.522710184064544
125.20475154418853 5.459963038491372
123.14360759358988 2.087165348787352
121.08246364299124 6.065599313606686
119.02131969239261 2.1249936877806315
116.96017574179396 2.9548393043469163
114.89903179119531 2.3204501374405595
112.83788784059666 1.6319516920389054
110.77674388999803 2.764855474671935
108.71559993939938 2.361503740741806
106.65445598880075 4.382080685767729
104.59331203820211 2.630839175723043
102.53216808760347 0.2227503436031456
100.47102413700483 4.876257079948738
98.4098801864062 4.435467212610944
96.34873623580756 4.603890228559377
94.28759228520892 2.388927871660831
92.22644833461028 1.7587370886804568
90.16530438401163 3.613217393020087
88.104160433413 3.1049226089423128
86.04301648281437 5.161891094097711
83.98187253221572 4.909947676668865
81.92072858161708 5.137135901039072
79.85958463101844 4.019021397823648
77.7984406804198 3.3629598954764988
75.73729672982114 3.8015201220706056
73.6761527792225 3.5975563737779535
71.61500882862387 0.28890564003617014
69.55386487802522 5.3271564712169495
67.49272092742659 2.075240044057551
65.43157697682796 5.67685429981471
63.37043302622931 6.767231716138801
61.309289075630666 1.3052932438125917
59.248145125032025 5.730266880300154
57.187001174433384 7.278018607677746
55.12585722383474 2.9797062287892886
53.0647132732361 4.334608021198923
51.00356932263747 3.717123574632546
48.94242537203883 6.7549568518152885
46.88128142144018 2.159455254965981
44.82013747084154 3.871578760406654
42.758993520242896 3.9993323293668532
40.697849569644255 4.936036126927031
38.636705619045614 7.9159657195035145
36.57556166844698 0.9297888872956711
34.51441771784834 3.591078940644356
32.4532737672497 5.14229057990225
30.392129816651053 6.172555514495411
28.330985866052412 5.807610985534907
26.269841915453775 8.998098955755518
24.208697964855133 4.9176127889937105
22.14755401425649 1.222488926273373
20.08641006365785 6.410410747016921
18.02526611305921 5.761358944658937
15.96412216246057 8.010344991501945
13.902978211861928 6.929541112378599
11.841834261263289 9.79656748249034
9.780690310664646 17.167466037420343
7.719546360066006 24.452853619779063
5.6584024094673655 37.40966931732982
3.597258458868724 48.746823392738634
1.5361145082700833 56.228340873718665
-0.5250294423285575 65.02648007663699
-2.5861733929271984 73.31505266583316
-4.647317343525839 73.66005168959784
-6.70846129412448 76.6820449118651
-8.76960524472312 71.18820010640306
-10.830749195321761 65.79525201773154
-12.891893145920402 67.21993798597435
-14.953037096519044 59.9144757002538
-17.014181047117685 60.004190011713185
-19.075324997716326 61.34651982484729
-21.136468948314963 59.505881965026305
-23.197612898913604 62.9185317833147
-25.25875684951225 71.18749631271861
-27.319900800110887 75.01073316992272
-29.381044750709528 80.29422702864896
-31.44218870130817 80.88952092734651
-33.50333265190681 77.10542288526985
-35.56447660250545 83.9313854492083
-37.62562055310409 76.94327089399907
-39.68676450370273 70.07583080616942
-41.747908454301374 62.20101774813533
-43.809052404900015 55.360557406976454
-45.87019635549865 50.878999900215256
-47.93134030609729 45.91215374196562
-49.99248425669594 44.24277472113071
-52.05362820729458 43.89235222903791
-54.11477215789322 39.93685470589275
-56.17591610849186 35.0525068260469
-58.2370600590905 33.52611472369805
-60.29820400968914 25.00485445856958
-62.35934796028778 20.49107194287396
-64.42049191088643 17.734403711988474
-66.48163586148506 17.273528247447093
-68.5427798120837 14.11734525552734
-70.60392376268234 13.181839935361374
-72.66506771328098 14.234542891077442
-74.72621166387962 10.310150767304554
-76.78735561447826 13.0969435139588
-78.84849956507692 12.854861326093678
-80.90964351567555 8.993465020414982
-82.97078746627419 5.521012880326252
-85.03193141687284 3.62862581982526
-87.09307536747147 5.035340004462352
-89.15421931807012 3.505601666370361
-91.21536326866875 1.7049332268885131
-93.27650721926739 2.155064065560388
-95.33765116986604 2.5335408555983756
-97.39879512046467 2.920385308169935
-99.45993907106333 3.1718881991335213
-101.52108302166197 3.9176655439351133
-103.5822269722606 1.3225702250901241
-105.64337092285925 0.7484223902705156
-107.70451487345788 2.8877436238437832
-109.76565882405653 3.612058375662301
-111.82680277465516 3.3349637036917597
-113.8879467252538 1.1777511358216342
-115.94909067585245 -0.40839160994198964
-118.0102346264511 3.963664596235476
-120.07137857704974 5.90623401593652
-122.13252252764838 3.38364772987745
-124.19366647824702 1.7228979359126932
-126.25481042884566 4.614519933388382
-128.3159543794443 1.6927766099072505
-130.37709833004294 1.4171600851981172
-132.43824228064156 -0.5014860659481797
-134.4993862312402 2.03785713395265
-136.56053018183889 4.582042131146405
-138.6216741324375 1.3588443003745863
-140.68281808303615 2.627411780236832
-142.74396203363477 0.7011537692397393
-144.80510598423342 -0.45270791949827643
-146.86624993483207 2.1090971906361933
-148.92739388543072 1.4618185466463074
-150.98853783602934 -1.7605969935446135
-153.04968178662799 -1.2672173587421813
-155.11082573722663 -0.6317152451760762
-157.17196968782528 0.5287758908658706
-159.2331136384239 0.45616365725934604
-161.29425758902255 2.2136143895458527
-163.35540153962117 0.05358827676202753
-165.41654549021985 -0.03831173670069408
-167.47768944081847 1.534920612769516
-169.5388333914171 2.9030290514405017
-171.59997734201573 -1.4151394609298187
-173.66112129261438 -2.085675151926088
-175.72226524321306 2.791071137493838
-177.78340919381168 -1.7987304745616866
-179.84455314441033 -0.005861815119116024
-181.90569709500895 -2.4682665006262123
-183.9668410456076 1.6331227606777639
-186.02798499620624 0.340349725316763
-188.0891289468049 -2.750500309817152
-190.1502728974035 -3.5640655963190944
-192.21141684800216 1.9646153181538557
-194.2725607986008 0.8951039807436287
-196.33370474919946 -2.4830138635352723
-198.39484869979805 -3.150986477096004
-200.4559926503967 -2.813406128583959
-202.51713660099534 0.8606150225870399
-204.578280551594 -3.1487770256885805
-206.6394245021926 1.7418042852749969
-208.70056845279126 -0.15327551818897145
-210.76171240338988 0.2938760738908562
-212.82285635398856 -3.0077734176068853
-214.8840003045872 1.183534130730023
-216.94514425518582 1.7170222263511368
-219.00628820578447 1.0219735917970578
-221.06743215638312 -2.614284920185276
-223.12857610698177 -3.6420092387142713
-225.1897200575804 0.516169631689753
-227.25086400817904 0.5893200849984429
-229.31200795877766 -1.8888336957945522
-231.37315190937633 0.9406748686717945
-233.43429585997495 -0.7511298628128886
-235.4954398105736 -1.947471484583685
-237.55658376117222 0.7774236307604007
-239.61772771177087 -2.5156968389056176
-241.67887166236952 -2.819599931156411
-243.74001561296816 -1.363493732398232
-245.80115956356678 -3.949850546919936
-247.86230351416543 -0.045310237093225375
-249.92344746476408 0.999249436619007
-251.98459141536273 -0.2310254243624878
-254.04573536596138 -2.459801093598903
-256.10687931656 -0.3961634828471439
